114
88
139
241
188
105
41
62
71
65
136
77
214
73
25
207
109
177
120
249
211
226
184
102
257
183
55
174
111
42
166
141
244
69
78
29
194
218
175
58
128
46
234
137
229
35
173
27
212
121
76
149
225
203
31
172
208
180
258
83
171
187
237
81
12
158
223
221
99
84
196
68
61
222
227
213
74
91
256
202
4
63
154
185
145
17
116
13
126
193
39
92
160
97
47
100
232
264
75
82
53
251
45
28
26
143
181
101
16
19
170
125
124
49
36
239
230
261
142
215
51
147
242
8
33
112
20
138
231
254
3
210
44
50
265
151
205
98
117
200
10
163
89
148
122
153
21
217
70
219
64
123
57
245
96
157
152
72
24
144
168
59
15
146
40
195
85
107
135
52
252
178
263
7
255
23
240
37
243
34
48
113
236
90
209
11
5
127
189
80
235
176
30
238
43
197
259
56
108
186
94
182
115
86
190
131
150
204
191
118
2
87
247
66
119
14
32
159
79
95
246
22
38
155
216
206
140
179
169
260
253
129
106
220
165
192
156
164
162
161
134
60
93
9
54
6
233
262
198
18
224
132
1
250
133
130
167
228
248
67
201