117
172
127
98
136
104
146
232
89
194
53
148
236
203
179
178
147
109
158
197
228
34
64
170
47
112
198
107
237
233
129
24
219
190
55
13
114
87
61
102
227
111
28
263
241
258
124
222
240
142
259
44
18
249
76
244
254
182
22
155
153
257
188
192
185
150
156
75
223
217
208
167
212
220
10
66
256
131
145
78
6
27
140
33
37
31
184
196
255
74
163
92
36
253
56
5
30
138
239
193
195
95
99
39
46
101
105
231
41
243
70
252
72
139
160
226
235
38
59
187
143
166
238
68
130
200
60
168
65
8
123
122
230
265
48
85
218
174
19
11
57
40
63
126
32
100
113
133
157
20
82
154
191
4
42
35
173
201
206
151
261
207
225
242
29
125
90
216
91
128
67
118
84
262
264
71
1
58
14
250
106
3
79
50
260
181
69
94
210
180
81
141
25
83
80
120
199
171
224
2
189
62
77
21
176
43
248
119
175
229
246
7
51
159
202
15
52
108
49
17
23
12
221
137
213
149
73
204
234
97
9
16
121
183
132
161
144
165
214
251
164
186
45
93
115
245
211
247
134
177
54
116
88
209
152
205
26
169
135
96
162
215
86